7.210497785805093
7.492889513736745
7.727763281323236
8.181427414709459
8.27305351980964
8.611115327583112
8.976097439827676
9.286101018639323
9.846522357894909
10.004154906312136
9.679323486837808
9.119906497353872
8.531925201201537
8.083039812705403
7.704569308494075
7.355864747127674
7.3475062221408285
6.934183638451441
6.067896701327476
4.533626603982436
3.2194173535773767
2.3801480615607757
1.472044486425698
0.0
0.5178263812684502
0.0
0.0
0.9113541875484601
1.736082266842423
2.372119464898044
2.8074540860691735
2.703482577901782
2.1605160870962243
1.7419644892348585
1.1378194597136388
0.0
0.0
0.0
0.0
0.0
0.0
0.0
0.0
0.0
0.0
0.0
0.0
0.0
0.0
0.0
0.0
0.0
0.0
0.0
0.0
0.0
0.0
0.0
0.0
0.0
0.0
0.0
0.6976787013760475
1.3760357469584823
2.155730406761018
2.3602606094095573
3.0214627774602087
3.979264646141446
5.736590389758606
6.249588818762683
6.640983274593453
6.97570703412889
8.342741348987749
8.760204081043527
9.348116463991149
8.931084707143057
9.19270963230964
9.631955915658809
10.158908816882596
10.491353541238485
10.449862962861701
9.581848266323233
9.71542619014703
9.867745671435472
9.576753231119476
8.394557379339338
7.058615394409693
5.43857036044875
5.91755135828662
4.48148399246582
4.225208338904329
4.571315177755564
5.128068115035852
6.008068830782251
6.676478682291213
6.572377907220918
5.905900168263927
5.081754113805406
4.162843920528527
2.986001156231224
1.916326390309225
1.8281679461657572
1.4633693391417941
1.3816850512453627
2.8666027771844047
4.171545935467971
5.075985397124847
6.037172917485058
6.8886172038172475
7.679814061684887
8.385424110262319
8.919651703518806
10.763947489677753
7.733860239856561
7.006670980153744
6.469230872824679
6.6293490064035785
7.036704116466897
7.672948492766412
8.565318859465876
9.290966333069475
9.670724724619557
9.659479656879784
9.202687047319134
8.071277275603757
7.127411176555633
6.7831453436460905
6.498484123865259
6.120054862352956
5.215750644026614
3.6446818058543724
2.553638400313365
2.2115418396682167
3.4137114402371784
4.257289018414759
4.4896462126025085
6.096403049867948
7.058072008929451
7.553515769161262
8.077671634366858
8.723703717223732
8.594635665119679
7.860043375516221
7.195804905507839
6.147252672188249
5.093541578249254
4.589870087373449
3.7028038966191126
2.6104384735868917
2.045488447743025
1.6449904662966226
1.3162909188696332
1.936663159789476
2.7364285870623983
2.887703064931216
3.305499318314568
3.744510293852397
4.911540545995211
6.123306296561842
6.343467012367631
7.476432633094275
8.053166178996035
8.585603762201131
8.44957673238846
8.033268504298647
7.542476334488506
7.180188875598137
6.917154764495385
7.268598050587499
7.988463983288792
8.468434359704231
8.26763656209399
7.418804931990693
6.474689789253711
6.2163595852703715
6.506047544600275
7.266212342234251
8.019726960453823
8.758961206643354
9.259584812483633
9.159215704769908
8.883028391638716
8.91269034328436
9.24124118988107
10.148575658258748
10.628238305449408
10.515132830880006
10.251805464383894
10.33244752964455
10.800679799532224
10.806296228505525
10.117244987245721
9.909986339390299
10.536554929891654
10.921439714352662
11.673086312100557
12.420404006369312
12.731775931110263
12.660157818912683
12.606985234875001
12.567084644448096
12.49170791028652
12.747797612454649
12.21993978719342
12.141313456584315
11.814049267103444
11.387333341664055
10.686345545235897
9.53017888244569
8.381229469590394
7.158596871652735
6.78421237398636
6.825013771059702
6.749055542282152
6.9132065860673375
6.547118098529175
6.875254938775655
6.936841806171574
7.271941875845268
7.738533981913918
7.923709180538615
8.189283255721667
8.433389808774635
8.557502299338164
8.831792488542058
9.070980134513317
9.149153995636638
9.270681848319184
9.381864780904191
9.588655689363486
9.89726992470073
10.129901284616372
10.201397395977292
10.152576290816077
9.959270326081239
9.553203723252098
8.513452708561042
6.724616118511173
4.495837196401598
3.1907633884899695
3.1908492585384756
3.334216899731824
3.834212912576164
3.8542838700546866
4.0542824241272255
3.902362654256457
3.7693934122404875
4.006851686839693
3.0188453858337576
2.1358700019833403
0.8955350686581585
0.7795014998945997
0.7106409499399504
2.0678184033399756
3.27266130510266
3.528218384480868
3.3633236669138626
3.0400243457075984
3.3626247366972306
3.51038695709479
3.9272610915746573
4.54176245221623
4.444451514772111
4.132771906892371
4.619098861506734
4.272133531817347
3.400747816760573
2.8258343031969364
3.3712000486712337
4.5245098600701805
5.194971661320867
5.656597246084467
6.896831700176363
7.594553827968013
9.008250430469941
1.9928558698795906
7.7795043144637805
8.635059744711418
4.4915662250976
7.394761944138396
3.961657793456095
5.893113900483751
3.7972264567557246
2.2015789099153373
2.305403702186529
2.9890690433842697
3.3413133718412418
3.1799483886708675
2.9035091157424895
2.3731919115255793
2.3691859162445486
3.9464292834554113
1.7030691001856366
0.9770984719648991
1.2236015465789873
2.111158640119737
2.028995072242291
3.386118490159901
3.4177072102264736
2.451434053013448
2.507994549150707
3.5363867107289537
4.423591509523303
4.340054617862244
4.191372154924554
4.734091942201522
4.903510139946185
4.991250665459161
3.3675249058427323
2.640946281827931
2.4132063418953256
1.6683749298591528
2.364366829983721
2.3527193639346766
1.9455350832270335
2.777219397321438
2.588713045195992
3.022811033720401
4.212779886464075
5.416543924703325
5.424907939488251
3.3053627296549766
3.786835729887142
2.5361671786569127
4.084704739943009
5.83007515107885
4.426443336625549
5.788761641361976
6.092807538627095
2.8307716738758586
2.9712801048406745
3.2073031322818872
3.8166560047603624
3.4665981432787
2.9497671314740406
2.7438239560499302
3.3677934915008256
3.724951607350748
4.204441434219581
3.7047293616945214
3.7693010137962486
3.05959911081485
1.9686022351652925
1.0958069974486098
1.2960803129240097
