5.175938850257815
6.193330352732821
6.954820030101951
6.4333344770954835
6.181232679376894
6.255582713811863
6.183118176644187
5.60693661911395
4.604285751206326
2.973002938982589
1.1615857320660967
0.5853239566344873
0.1720511529024833
0.5943114042899065
0.0
0.2106372107139642
0.3161288020641056
0.1408453498103504
0.17743934492998997
0.0
0.0
0.0
0.0
0.0
0.0
0.0
0.0
0.0
0.0
0.0
0.48407881721365015
0.7446477250881319
0.0
0.0
0.8154651245262168
1.5432100133422737
2.2150475921496
2.8652465192355177
3.6800599731593815
4.398726242958446
5.276220549540412
5.365342668313826
5.283085213339188
5.269714533266754
4.955579866256238
5.692782537625173
6.00840846208772
6.205853552753742
6.8476061945806945
7.279255116333468
6.9639809434675035
7.279074016213806
7.542397480579625
7.662747586389826
7.64678320597788
7.127208287618128
7.062699572112031
6.746130609861717
6.860752253179463
6.721428383522026
6.551661637054831
6.30524276381342
5.969824697206482
5.936438527502477
5.697462184188553
5.2438950416904095
4.191523724602921
2.729012243664195
1.0899229059879307
0.4020521240962296
0.7174536521505868
0.5466599274237285
0.0
0.0
0.0
0.0
0.0
0.0
0.0
0.0
0.0
0.0
0.0
0.0
0.0
0.0
1.1988614566706566
2.6655006323505837
3.5180171275379823
3.7154108421029157
3.285875077820734
3.0016926708819076
2.5239859670919094
3.513679820660642
5.3156210269726625
4.999349429439772
5.696954035997658
5.689274445281333
5.517783113905484
5.995753551016948
6.526792705481447
6.942430367147294
7.557274561883203
7.5661015995039484
6.003899947810168
4.655895054315455
3.571950787155624
2.4173233896652375
1.627212060030654
0.8259914065613622
0.7847670650114068
0.6050590048095074
1.1414398655532465
1.5541574131843994
2.6095691835296804
3.829997180298989
4.903205719936073
6.0586747958584795
6.171430100438475
6.68814834749354
7.223697772674803
8.043227841141938
8.256334030208404
8.320546932768497
8.306582522650336
7.894530697072879
7.442292121218834
7.567493139544106
7.252631795659378
6.755559315659521
6.642022570437531
6.655445534640811
6.791529223226038
6.977310790387133
7.081156705851327
6.699802988779173
6.747449466877697
6.8362043123144005
7.40137455045173
8.16828300230532
8.91390953331589
9.071322095094823
9.381128854821158
9.92627548993596
10.382458285861437
10.025931066443894
9.984472790092639
9.787070366732102
9.331563940432506
8.801598043142047
8.50545827395507
8.180489376231547
7.83608652571606
7.644666140794188
6.701631918287895
5.8421221329401885
4.472388516216675
3.6361580753766862
4.853924175724052
5.912878848517983
6.612782274599197
7.074704097623486
6.607550672173943
5.895637139015122
5.651616327745805
6.247595785106556
7.222207722918976
7.226570456523558
6.278793359763
7.135001584908684
8.13061831702248
8.517867864070759
8.332748226910354
9.084630660764565
8.854956608716444
8.412227552870156
7.18613323289502
7.858820450541359
8.359023718314086
8.733423096150698
8.836322835950535
9.144666566770075
9.55889391612267
9.930032415488723
9.517540466078582
8.953342151754983
9.010442041874398
8.511753858025967
8.045180722317795
8.318409514295434
8.912733908323407
8.789454701498636
8.616788274113409
8.701142145866754
8.016932326457656
7.206081632473553
8.211188259018881
5.487217066657566
4.615291930111963
4.6261642726780146
4.7186944563033375
4.293494145390712
3.693067520414814
2.42801867228487
1.570391917408417
1.3370029997953496
1.7749103546770975
2.447362307665418
3.0001587533075615
3.1749798617027825
3.7211946146288497
4.186023848572768
3.097977887459361
2.923871155601308
3.2577950166415017
4.943177988450682
5.534615181389267
4.403829144699846
4.513803021553223
4.894127157315335
5.16846335370997
5.305965884001233
3.878243045184849
3.279564805068519
2.9409101949805603
2.222216571382456
2.741787526173851
3.664518278879423
4.01884932501205
3.332315972846287
3.506061233879975
2.706077751686155
1.198007423281774
0.5820839550814189
0.5269885110467135
0.6453673072457077
1.815057413694555
1.3992816978454152
1.0632460959747896
1.180979421262429
1.4912966846520992
0.8958558173589123
0.9680310412601905
1.711984137472127
2.7125650574142246
2.846525419860048
2.795706259709828
3.1560613194791456
3.1946473072640766
3.077585279571714
2.6941314184154748
3.238643025582214
2.9372669959849795
2.54783422984348
3.4924039455892055
2.634916870898676
1.9728895398454165
2.196972114821712
1.5669746536473588
1.5572977010047182
3.2849111602025256
4.972703133686135
3.8723895077423243
2.702408806603466
3.018507409388747
3.50696994903324
3.4882948835028786
2.859392331296462
2.868905837814064
3.1074263500820645
3.689762142990044
3.4886369805886126
3.76159929506043
4.416763540954618
4.608524498114199
5.615815006826549
5.300752831176456
7.33804327919628
11.020788089197014
13.697226945895983
9.188255725366641
5.204501284718434
3.791271764623485
12.784643189176723
4.547928975382723
5.632096580226386
6.274117672882273
7.244379653930998
7.74695601239438
6.129475704132295
4.308299887614424
3.8083660091326137
4.358428759280366
2.8408681242178986
1.5772816267237415
3.759123649806357
4.114257543540197
4.484344707522957
4.501067526167726
4.721928137582529
5.191778977282135
5.236414259158343
6.455751918007695
5.085304022557972
5.2426006476707645
4.130162195949462
2.7743102960516195
4.020670641204563
4.507745295706039
5.274924547206729
5.065407257404846
6.339265439257774
6.40029171392455
4.816351393351117
4.268258290739308
3.8637058104653503
4.659559857760276
4.641901750317614
5.054423005859847
5.3240687859536004
5.187342380664078
5.5339528158023965
4.5580215126902495
4.382924934683035
3.0653295272968224
1.9011426581337314
3.8909219900211447
2.143439025474754
1.40824185453557
1.8320262549615844
2.0563904780270676
2.354710689490628
2.721180614928313
2.828011310530086
2.510852971417914
2.097802445948001
1.377937505439481
0.6083538570929409
0.9327619091885401
